CONJUGATE GRADIENT TOOK (number of iterations):116
CONJUGATE GRADIENT error:8.7706e-11
lhs_err is 0.0824783
CONJUGATE GRADIENT TOOK (number of iterations):115
CONJUGATE GRADIENT error:9.9591e-11
Diff : 0.0790208
Iteration:  2
PDE Error:  0.286196
Change in PDE Error:  0.301851
Time taken by New program is : 56.000000 sec 
v0 at end  1.45767  1.41463  1.37160  1.32857  1.28553  1.24250  1.19947  1.15643  1.11340  1.07037  1.02733  0.98430  0.94127  0.89823  0.85520  0.81217  0.76914  0.72610  0.68307  0.64004  0.59700  0.55397  0.51094  0.46790  0.42487  0.38184  0.33880  0.29577  0.25274  0.20970  0.16667  0.12364  0.08061  0.03757 -0.00546 -0.04849 -0.09153 -0.13456 -0.17759 -0.22063 -0.26366 -0.30669 -0.34973 -0.39276 -0.43579 -0.47883 -0.52186 -0.56489 -0.60793 -0.65096 -0.69399 -0.73702 -0.78006 -0.82309 -0.86612 -0.90916 -0.95219 -0.99522 -1.03826 -1.08129 -1.12432 -1.16736 -1.21039 -1.25342 -1.29646 -1.33949 -1.38252 -1.42556 -1.46859 -1.51162 -1.55465 -1.59769 -1.64072 -1.68375 -1.72679 -1.76982 -1.81285 -1.85589 -1.89892 -1.94195 -1.98499 -2.02802 -2.07105 -2.11409 -2.15712 -2.20015 -2.24318 -2.28622 -2.32925 -2.37228 -2.41532 -2.45835 -2.50138 -2.54442 -2.58745 -2.63048 -2.67352 -2.71655 -2.75958 -2.80262 -2.84565 -2.88868 -2.93172 -2.97475 -3.01778 -3.06081 -3.10385 -3.14688 -3.18991 -3.23295 -3.27598 -3.31901 -3.36205 -3.40508 -3.44811 -3.49115 -3.53418 -3.57721 -3.62025 -3.66328 -3.70631 -3.74935 -3.79238 -3.83541 -3.87844 -3.92148 -3.96451 -4.00754 -4.05058 -4.09361 -4.13664 -4.17968 -4.22271 -4.26574 -4.30878 -4.35181 -4.39484 -4.43788 -4.48091 -4.52394 -4.56698 -4.61001 -4.65304 -4.69607 -4.73911 -4.78214 -4.82517 -4.86821 -4.91124 -4.95427 -4.99731 -5.04034 -5.08337 -5.12641 -5.16944 -5.21247 -5.25551 -5.29854 -5.34157 -5.38461 -5.42764
CONJUGATE GRADIENT TOOK (number of iterations):77
CONJUGATE GRADIENT error:0.00000
Diff : 0.02493
Iteration:  3
PDE Error:  0.08450
Change in PDE Error:  0.00139
Time taken by New program is : 73.00000 sec 
v0 at end  1.45258  1.40968  1.36677  1.32387  1.28096  1.23806  1.19515  1.15225  1.10934  1.06644  1.02354  0.98063  0.93773  0.89482  0.85192  0.80901  0.76611  0.72321  0.68030  0.63740  0.59449  0.55159  0.50868  0.46578  0.42287  0.37997  0.33707  0.29416  0.25126  0.20835  0.16545  0.12254  0.07964  0.03673 -0.00617 -0.04907 -0.09198 -0.13488 -0.17779 -0.22069 -0.26360 -0.30650 -0.34941 -0.39231 -0.43521 -0.47812 -0.52102 -0.56393 -0.60683 -0.64974 -0.69264 -0.73555 -0.77845 -0.82135 -0.86426 -0.90716 -0.95007 -0.99297 -1.03588 -1.07878 -1.12169 -1.16459 -1.20749 -1.25040 -1.29330 -1.33621 -1.37911 -1.42202 -1.46492 -1.50783 -1.55073 -1.59363 -1.63654 -1.67944 -1.72235 -1.76525 -1.80816 -1.85106 -1.89397 -1.93687 -1.97977 -2.02268 -2.06558 -2.10849 -2.15139 -2.19430 -2.23720 -2.28011 -2.32301 -2.36591 -2.40882 -2.45172 -2.49463 -2.53753 -2.58044 -2.62334 -2.66625 -2.70915 -2.75205 -2.79496 -2.83786 -2.88077 -2.92367 -2.96658 -3.00948 -3.05239 -3.09529 -3.13819 -3.18110 -3.22400 -3.26691 -3.30981 -3.35272 -3.39562 -3.43853 -3.48143 -3.52434 -3.56724 -3.61014 -3.65305 -3.69595 -3.73886 -3.78176 -3.82467 -3.86757 -3.91048 -3.95338 -3.99628 -4.03919 -4.08209 -4.12500 -4.16790 -4.21081 -4.25371 -4.29662 -4.33952 -4.38242 -4.42533 -4.46823 -4.51114 -4.55404 -4.59695 -4.63985 -4.68276 -4.72566 -4.76856 -4.81147 -4.85437 -4.89728 -4.94018 -4.98309 -5.02599 -5.06890 -5.11180 -5.15470 -5.19761 -5.24051 -5.28342 -5.32632 -5.36923 -5.41213
CONJUGATE GRADIENT TOOK (number of iterations):77
CONJUGATE GRADIENT error:0.00000
Diff : 0.02454
Iteration:  4
PDE Error:  0.08312
Change in PDE Error:  0.00131
Time taken by New program is : 90.00000 sec 
v0 at end  1.44751  1.40473  1.36196  1.31918  1.27641  1.23363  1.19085  1.14808  1.10530  1.06252  1.01975  0.97697  0.93420  0.89142  0.84864  0.80587  0.76309  0.72032  0.67754  0.63476  0.59199  0.54921  0.50644  0.46366  0.42088  0.37811  0.33533  0.29256  0.24978  0.20700  0.16423  0.12145  0.07867  0.03590 -0.00688 -0.04965 -0.09243 -0.13521 -0.17798 -0.22076 -0.26353 -0.30631 -0.34909 -0.39186 -0.43464 -0.47742 -0.52019 -0.56297 -0.60574 -0.64852 -0.69130 -0.73407 -0.77685 -0.81962 -0.86240 -0.90518 -0.94795 -0.99073 -1.03350 -1.07628 -1.11906 -1.16183 -1.20461 -1.24739 -1.29016 -1.33294 -1.37571 -1.41849 -1.46127 -1.50404 -1.54682 -1.58959 -1.63237 -1.67515 -1.71792 -1.76070 -1.80347 -1.84625 -1.88903 -1.93180 -1.97458 -2.01736 -2.06013 -2.10291 -2.14568 -2.18846 -2.23124 -2.27401 -2.31679 -2.35956 -2.40234 -2.44512 -2.48789 -2.53067 -2.57345 -2.61622 -2.65900 -2.70177 -2.74455 -2.78733 -2.83010 -2.87288 -2.91565 -2.95843 -3.00121 -3.04398 -3.08676 -3.12954 -3.17231 -3.21509 -3.25786 -3.30064 -3.34342 -3.38619 -3.42897 -3.47174 -3.51452 -3.55730 -3.60007 -3.64285 -3.68562 -3.72840 -3.77118 -3.81395 -3.85673 -3.89951 -3.94228 -3.98506 -4.02783 -4.07061 -4.11339 -4.15616 -4.19894 -4.24171 -4.28449 -4.32727 -4.37004 -4.41282 -4.45560 -4.49837 -4.54115 -4.58392 -4.62670 -4.66948 -4.71225 -4.75503 -4.79780 -4.84058 -4.88336 -4.92613 -4.96891 -5.01168 -5.05446 -5.09724 -5.14001 -5.18279 -5.22557 -5.26834 -5.31112 -5.35389 -5.39667
CONJUGATE GRADIENT TOOK (number of iterations):77
CONJUGATE GRADIENT error:0.00000
Diff : 0.02417
Iteration:  5
PDE Error:  0.08180
Change in PDE Error:  0.00124
Time taken by New program is : 108.00000 sec 
v0 at end  1.44245  1.39981  1.35716  1.31451  1.27186  1.22921  1.18657  1.14392  1.10127  1.05862  1.01597  0.97332  0.93068  0.88803  0.84538  0.80273  0.76008  0.71744  0.67479  0.63214  0.58949  0.54684  0.50419  0.46155  0.41890  0.37625  0.33360  0.29095  0.24831  0.20566  0.16301  0.12036  0.07771  0.03506 -0.00758 -0.05023 -0.09288 -0.13553 -0.17818 -0.22082 -0.26347 -0.30612 -0.34877 -0.39142 -0.43407 -0.47671 -0.51936 -0.56201 -0.60466 -0.64731 -0.68995 -0.73260 -0.77525 -0.81790 -0.86055 -0.90320 -0.94584 -0.98849 -1.03114 -1.07379 -1.11644 -1.15908 -1.20173 -1.24438 -1.28703 -1.32968 -1.37233 -1.41497 -1.45762 -1.50027 -1.54292 -1.58557 -1.62821 -1.67086 -1.71351 -1.75616 -1.79881 -1.84146 -1.88410 -1.92675 -1.96940 -2.01205 -2.05470 -2.09734 -2.13999 -2.18264 -2.22529 -2.26794 -2.31059 -2.35323 -2.39588 -2.43853 -2.48118 -2.52383 -2.56647 -2.60912 -2.65177 -2.69442 -2.73707 -2.77972 -2.82236 -2.86501 -2.90766 -2.95031 -2.99296 -3.03560 -3.07825 -3.12090 -3.16355 -3.20620 -3.24885 -3.29149 -3.33414 -3.37679 -3.41944 -3.46209 -3.50474 -3.54738 -3.59003 -3.63268 -3.67533 -3.71798 -3.76062 -3.80327 -3.84592 -3.88857 -3.93122 -3.97387 -4.01651 -4.05916 -4.10181 -4.14446 -4.18711 -4.22975 -4.27240 -4.31505 -4.35770 -4.40035 -4.44300 -4.48564 -4.52829 -4.57094 -4.61359 -4.65624 -4.69888 -4.74153 -4.78418 -4.82683 -4.86948 -4.91213 -4.95477 -4.99742 -5.04007 -5.08272 -5.12537 -5.16801 -5.21066 -5.25331 -5.29596 -5.33861 -5.38126
