 -1.00  -0.99231639
 -0.98  -0.96509965
 -0.94  -0.91867526
 -0.89  -0.85396660
 -0.82  -0.77226148
 -0.73  -0.67518607
 -0.62  -0.56467245
 -0.51  -0.44292017
 -0.38  -0.31235247
 -0.24  -0.17556801
 -0.11  -0.03528924
  0.04   0.10569190
  0.18   0.24456946
  0.31   0.37857935
  0.44   0.50505439
  0.56   0.62147735
  0.68   0.72553105
  0.77   0.81514454
  0.85   0.88853424
  0.92   0.94423951
  0.97   0.98115183
  0.99   0.99854020
  0.00   0.00870048
  0.01   0.01847148
  0.02   0.02787578
  0.03   0.03672535
  0.04   0.04484398
  0.05   0.05207010
  0.06   0.05825986
  0.06   0.06329008
  0.07   0.06706064
  0.07   0.06949649
  0.07   0.07054916
  0.07   0.07019769
  0.07   0.06844907
  0.07   0.06533811
  0.06   0.06092674
  0.06   0.05530274
  0.05   0.04857805
  0.04   0.04088651
  0.04   0.03238122
  0.03   0.02323148
  0.02   0.01361959
  0.01   0.00374540
