 -1.00  -0.99296235
 -0.98  -0.96802139
 -0.95  -0.92543380
 -0.90  -0.86597539
 -0.83  -0.79073006
 -0.75  -0.70106951
 -0.65  -0.59862829
 -0.54  -0.48527392
 -0.43  -0.36307288
 -0.30  -0.23425292
 -0.17  -0.10116248
 -0.03   0.03377219
  0.10   0.16809118
  0.23   0.29934582
  0.36   0.42514331
  0.49   0.54319033
  0.60   0.65133485
  0.70   0.74760536
  0.79   0.83024684
  0.87   0.89775271
  0.93   0.94889236
  0.97   0.98273367
  0.99   0.99866304
  0.00   0.00796990
  0.01   0.01693351
  0.02   0.02558929
  0.03   0.03377863
  0.04   0.04135219
  0.04   0.04817190
  0.05   0.05411342
  0.06   0.05906843
  0.06   0.06294662
  0.06   0.06567727
  0.07   0.06721061
  0.07   0.06751869
  0.07   0.06659587
  0.07   0.06445900
  0.06   0.06114703
  0.06   0.05672033
  0.05   0.05125960
  0.05   0.04486440
  0.04   0.03765131
  0.03   0.02975183
  0.03   0.02131000
  0.02   0.01247988
  0.01   0.00343030
