 -1.00  -0.98366812
 -0.96  -0.92620005
 -0.88  -0.82956576
 -0.77  -0.69785049
 -0.62  -0.53662415
 -0.45  -0.35270473
 -0.25  -0.15386991
 -0.05   0.05147184
  0.15   0.25463693
  0.35   0.44703377
  0.54   0.62052618
  0.70   0.76777743
  0.83   0.88256054
  0.93   0.96002186
  0.98   0.99689348
  0.01   0.01846647
  0.03   0.03879919
  0.05   0.05749316
  0.07   0.07375597
  0.08   0.08689979
  0.09   0.09636874
  0.10   0.10176239
  0.10   0.10285265
  0.10   0.09959342
  0.10   0.09212252
  0.09   0.08075590
  0.07   0.06597423
  0.06   0.04840267
  0.04   0.02878471
  0.02   0.00796819
