 -1.00  -0.99072624
 -0.98  -0.95791682
 -0.93  -0.90209881
 -0.87  -0.82461223
 -0.78  -0.72731826
 -0.67  -0.61255389
 -0.55  -0.48307580
 -0.41  -0.34199409
 -0.27  -0.19269758
 -0.12  -0.03877242
  0.04   0.11608407
  0.19   0.26815219
  0.34   0.41377920
  0.48   0.54946713
  0.61   0.67195668
  0.73   0.77830565
  0.82   0.86595950
  0.90   0.93281281
  0.96   0.97725995
  0.99   0.99823771
  0.00   0.01049828
  0.02   0.02224585
  0.03   0.03346020
  0.04   0.04387091
  0.05   0.05322785
  0.06   0.06130624
  0.06   0.06791205
  0.07   0.07288658
  0.07   0.07611036
  0.08   0.07750595
  0.08   0.07703982
  0.08   0.07472317
  0.07   0.07061165
  0.07   0.06480401
  0.06   0.05743977
  0.05   0.04869581
  0.04   0.03878217
  0.03   0.02793701
  0.02   0.01642106
  0.01   0.00452128
