 -1.00  -0.98561151
 -0.96  -0.93490608
 -0.90  -0.84936761
 -0.79  -0.73218212
 -0.66  -0.58771576
 -0.51  -0.42135128
 -0.33  -0.23928736
 -0.14  -0.04830767
  0.05   0.14447196
  0.24   0.33186860
  0.42   0.50689991
  0.59   0.66304427
  0.73   0.79448380
  0.85   0.89632116
  0.93   0.96476226
  0.99   0.99726386
  0.01   0.01627439
  0.03   0.03427386
  0.04   0.05099806
  0.06   0.06582222
  0.07   0.07819390
  0.08   0.08765209
  0.09   0.09384440
  0.10   0.09654009
  0.10   0.09563872
  0.09   0.09117388
  0.09   0.08331192
  0.08   0.07234579
  0.07   0.05868409
  0.05   0.04283590
  0.03   0.02539207
  0.02   0.00701861
