 -1.00  -0.99195956
 -0.98  -0.96348661
 -0.94  -0.91494791
 -0.88  -0.84735372
 -0.81  -0.76211175
 -0.71  -0.66099731
 -0.61  -0.54611632
 -0.48  -0.41986138
 -0.35  -0.28486200
 -0.21  -0.14392981
 -0.07   0.00000000
  0.07   0.14392981
  0.21   0.28486200
  0.35   0.41986138
  0.48   0.54611632
  0.61   0.66099731
  0.71   0.76211175
  0.81   0.84735372
  0.88   0.91494791
  0.94   0.96348661
  0.98   0.99195956
  1.00   0.00391949
  0.01   0.01424876
  0.02   0.02429046
  0.03   0.03382649
  0.04   0.04265806
  0.05   0.05060119
  0.05   0.05749046
  0.06   0.06318238
  0.07   0.06755840
  0.07   0.07052739
  0.07   0.07202750
  0.07   0.07202750
  0.07   0.07052739
  0.07   0.06755840
  0.07   0.06318238
  0.06   0.05749046
  0.05   0.05060119
  0.05   0.04265806
  0.04   0.03382649
  0.03   0.02429046
  0.02   0.01424876
  0.01   0.00391949
