 -1.00  -0.98918596
 -0.97  -0.95097234
 -0.92  -0.88612496
 -0.84  -0.79645920
 -0.74  -0.68448631
 -0.62  -0.55334239
 -0.48  -0.40670051
 -0.33  -0.24866779
 -0.17  -0.08367041
 -0.00   0.08367041
  0.17   0.24866779
  0.33   0.40670051
  0.48   0.55334239
  0.62   0.68448631
  0.74   0.79645920
  0.84   0.88612496
  0.92   0.95097234
  0.97   0.98918596
  1.00   0.00527306
  0.01   0.01912904
  0.03   0.03246164
  0.04   0.04488536
  0.05   0.05605199
  0.06   0.06564872
  0.07   0.07340678
  0.08   0.07910886
  0.08   0.08259527
  0.08   0.08376836
  0.08   0.08259527
  0.08   0.07910886
  0.08   0.07340678
  0.07   0.06564872
  0.06   0.05605199
  0.05   0.04488536
  0.04   0.03246164
  0.03   0.01912904
  0.01   0.00527306
