 -1.00  -0.98254551
 -0.96  -0.92118023
 -0.87  -0.81818549
 -0.75  -0.67821454
 -0.60  -0.50759296
 -0.41  -0.31403164
 -0.21  -0.10627823
  0.00   0.10627823
  0.21   0.31403164
  0.41   0.50759296
  0.60   0.67821454
  0.75   0.81818549
  0.87   0.92118023
  0.96   0.98254551
  1.00   0.00851690
  0.02   0.03074049
  0.04   0.05159483
  0.06   0.07011793
  0.08   0.08547226
  0.09   0.09696383
  0.10   0.10407331
  0.11   0.10647938
  0.11   0.10407331
  0.10   0.09696383
  0.09   0.08547226
  0.08   0.07011793
  0.06   0.05159483
  0.04   0.03074049
  0.02   0.00851690
