 -1.00  -0.97992348
 -0.95  -0.90948232
 -0.86  -0.79177164
 -0.72  -0.63290797
 -0.54  -0.44114825
 -0.34  -0.22645937
 -0.11   0.00000000
  0.11   0.22645937
  0.34   0.44114825
  0.54   0.63290797
  0.72   0.79177164
  0.86   0.90948232
  0.95   0.97992348
  1.00   0.00979900
  0.02   0.03529705
  0.05   0.05898354
  0.07   0.07960487
  0.09   0.09608873
  0.10   0.10757829
  0.11   0.11347635
  0.11   0.11347635
  0.11   0.10757829
  0.10   0.09608873
  0.09   0.07960487
  0.07   0.05898354
  0.05   0.03529705
  0.02   0.00979900
