 -1.00  -0.99157729
 -0.98  -0.96175937
 -0.94  -0.91095972
 -0.88  -0.84028598
 -0.80  -0.75127994
 -0.70  -0.64588339
 -0.59  -0.52639575
 -0.46  -0.39542385
 -0.33  -0.25582508
 -0.18  -0.11064503
 -0.04   0.03694894
  0.11   0.18373681
  0.26   0.32651612
  0.40   0.46217191
  0.53   0.58774460
  0.65   0.70049459
  0.75   0.79796205
  0.84   0.87802057
  0.91   0.93892356
  0.96   0.97934251
  0.99   0.99839962
  0.00   0.00953622
  0.01   0.02022787
  0.03   0.03047924
  0.04   0.04006574
  0.04   0.04877814
  0.05   0.05642637
  0.06   0.06284356
  0.07   0.06788970
  0.07   0.07145471
  0.07   0.07346081
  0.07   0.07386423
  0.07   0.07265618
  0.07   0.06986299
  0.07   0.06554562
  0.06   0.05979826
  0.06   0.05274630
  0.05   0.04454358
  0.04   0.03536907
  0.03   0.02542296
  0.02   0.01492244
  0.01   0.00410600
