 -1.00  -0.98722782
 -0.97  -0.94216240
 -0.91  -0.86593464
 -0.82  -0.76106488
 -0.70  -0.63102173
 -0.56  -0.48010655
 -0.40  -0.31331108
 -0.23  -0.13615236
 -0.05   0.04550982
  0.14   0.22566669
  0.31   0.39835928
  0.48   0.55787550
  0.63   0.69893911
  0.76   0.81688423
  0.87   0.90780968
  0.94   0.96870826
  0.99   0.99757175
  0.01   0.01445016
  0.02   0.03049138
  0.04   0.04552561
  0.05   0.05905414
  0.07   0.07062938
  0.08   0.07986844
  0.08   0.08646574
  0.09   0.09020304
  0.09   0.09095674
  0.09   0.08870190
  0.09   0.08351310
  0.08   0.07556197
  0.07   0.06511152
  0.06   0.05250741
  0.05   0.03816659
  0.03   0.02256372
  0.01   0.00622914
