 -1.00  -0.97838545
 -0.95  -0.90263786
 -0.85  -0.77638595
 -0.70  -0.60669229
 -0.51  -0.40305176
 -0.29  -0.17685882
 -0.06   0.05923009
  0.18   0.29200484
  0.40   0.50844071
  0.61   0.69642726
  0.78   0.84544594
  0.90   0.94715907
  0.98   0.99588570
  0.01   0.02441785
  0.04   0.05097583
  0.06   0.07468415
  0.09   0.09421380
  0.10   0.10847184
  0.11   0.11666044
  0.12   0.11832142
  0.12   0.11336182
  0.11   0.10205916
  0.09   0.08504589
  0.07   0.06327405
  0.05   0.03796238
  0.02   0.01055137
