 -1.00  -0.99265000
 -0.98  -0.96660831
 -0.95  -0.92216394
 -0.89  -0.86016248
 -0.82  -0.78178431
 -0.74  -0.68852168
 -0.64  -0.58215021
 -0.52  -0.46469512
 -0.40  -0.33839265
 -0.27  -0.20564749
 -0.14  -0.06898698
 -0.00   0.06898698
  0.14   0.20564749
  0.27   0.33839265
  0.40   0.46469512
  0.52   0.58215021
  0.64   0.68852168
  0.74   0.78178431
  0.82   0.86016248
  0.89   0.92216394
  0.95   0.96660831
  0.98   0.99265000
  1.00   0.00358266
  0.01   0.01303110
  0.02   0.02223985
  0.03   0.03102537
  0.04   0.03922024
  0.04   0.04666839
  0.05   0.05322802
  0.06   0.05877423
  0.06   0.06320144
  0.06   0.06642535
  0.07   0.06838458
  0.07   0.06904182
  0.07   0.06838458
  0.07   0.06642535
  0.06   0.06320144
  0.06   0.05877423
  0.06   0.05322802
  0.05   0.04666839
  0.04   0.03922024
  0.04   0.03102537
  0.03   0.02223985
  0.02   0.01303110
  0.01   0.00358266
