 -1.00  -0.98130317
 -0.95  -0.91563303
 -0.87  -0.80564137
 -0.74  -0.65665109
 -0.57  -0.47587422
 -0.38  -0.27206163
 -0.16  -0.05507929
  0.06   0.16456928
  0.27   0.37625152
  0.48   0.56972047
  0.66   0.73561088
  0.81   0.86589252
  0.92   0.95425928
  0.98   0.99644250
  0.01   0.02113211
  0.03   0.04427293
  0.06   0.06527292
  0.07   0.08311342
  0.09   0.09693066
  0.10   0.10605577
  0.11   0.11004701
  0.11   0.10871119
  0.11   0.10211297
  0.10   0.09057174
  0.08   0.07464621
  0.07   0.05510735
  0.04   0.03290143
  0.02   0.00912428
