 -1.00  -0.99025154
 -0.98  -0.95577521
 -0.93  -0.89716712
 -0.86  -0.81590630
 -0.77  -0.71404444
 -0.66  -0.59415345
 -0.53  -0.45926051
 -0.39  -0.31277156
 -0.24  -0.15838534
 -0.08  -0.00000000
  0.08   0.15838534
  0.24   0.31277156
  0.39   0.45926051
  0.53   0.59415345
  0.66   0.71404444
  0.77   0.81590630
  0.86   0.89716712
  0.93   0.95577521
  0.98   0.99025154
  1.00   0.00475294
  0.01   0.01725623
  0.02   0.02933496
  0.04   0.04067328
  0.05   0.05098467
  0.06   0.06000874
  0.06   0.06751763
  0.07   0.07332175
  0.08   0.07727455
  0.08   0.07927622
  0.08   0.07927622
  0.08   0.07727455
  0.08   0.07332175
  0.07   0.06751763
  0.06   0.06000874
  0.06   0.05098467
  0.05   0.04067328
  0.04   0.02933496
  0.02   0.01725623
  0.01   0.00475294
