 -1.00  -0.97666392
 -0.94  -0.89499200
 -0.83  -0.75925926
 -0.67  -0.57766293
 -0.47  -0.36117231
 -0.24  -0.12286469
 -0.00   0.12286469
  0.24   0.36117231
  0.47   0.57766293
  0.67   0.75925926
  0.83   0.89499200
  0.94   0.97666392
  1.00   0.01139380
  0.03   0.04093916
  0.05   0.06803833
  0.08   0.09102826
  0.10   0.10851962
  0.11   0.11945576
  0.12   0.12317605
  0.12   0.11945576
  0.11   0.10851962
  0.10   0.09102826
  0.08   0.06803833
  0.05   0.04093916
  0.03   0.01139380
