 -1.00  -0.98645573
 -0.97  -0.93869437
 -0.90  -0.85800965
 -0.81  -0.74723050
 -0.68  -0.61024235
 -0.53  -0.45185002
 -0.37  -0.27760910
 -0.19  -0.09363107
  0.00   0.09363107
  0.19   0.27760910
  0.37   0.45185002
  0.53   0.61024235
  0.68   0.74723050
  0.81   0.85800965
  0.90   0.93869437
  0.97   0.98645573
  1.00   0.00660623
  0.02   0.02391555
  0.03   0.04040154
  0.05   0.05547085
  0.06   0.06859457
  0.07   0.07931236
  0.08   0.08724829
  0.09   0.09212399
  0.09   0.09376845
  0.09   0.09212399
  0.09   0.08724829
  0.08   0.07931236
  0.07   0.06859457
  0.06   0.05547085
  0.05   0.04040154
  0.03   0.02391555
  0.02   0.00660623
