 -1.00  -0.99116711
 -0.98  -0.95990689
 -0.94  -0.90668594
 -0.87  -0.83272120
 -0.79  -0.73970480
 -0.69  -0.62976484
 -0.57  -0.50541660
 -0.44  -0.36950502
 -0.30  -0.22513961
 -0.15  -0.07562326
 -0.00   0.07562326
  0.15   0.22513961
  0.30   0.36950502
  0.44   0.50541660
  0.57   0.62976484
  0.69   0.73970480
  0.79   0.83272120
  0.87   0.90668594
  0.94   0.95990689
  0.98   0.99116711
  1.00   0.00430614
  0.01   0.01564494
  0.02   0.02663590
  0.03   0.03701772
  0.04   0.04655265
  0.05   0.05502252
  0.06   0.06223354
  0.07   0.06802074
  0.07   0.07225170
  0.07   0.07482962
  0.08   0.07569554
  0.08   0.07482962
  0.07   0.07225170
  0.07   0.06802074
  0.07   0.06223354
  0.06   0.05502252
  0.05   0.04655265
  0.04   0.03701772
  0.03   0.02663590
  0.02   0.01564494
  0.01   0.00430614
