 -1.00  -0.98793576
 -0.97  -0.94534515
 -0.91  -0.87321913
 -0.83  -0.77381025
 -0.71  -0.65022436
 -0.58  -0.50632277
 -0.43  -0.34660155
 -0.26  -0.17605106
 -0.09   0.00000000
  0.09   0.17605106
  0.26   0.34660155
  0.43   0.50632277
  0.58   0.65022436
  0.71   0.77381025
  0.83   0.87321913
  0.91   0.94534515
  0.97   0.98793576
  1.00   0.00588343
  0.01   0.02132298
  0.03   0.03611012
  0.04   0.04976937
  0.06   0.06187367
  0.07   0.07204479
  0.08   0.07996494
  0.08   0.08538665
  0.09   0.08814053
  0.09   0.08814053
  0.09   0.08538665
  0.08   0.07996494
  0.08   0.07204479
  0.07   0.06187367
  0.06   0.04976937
  0.04   0.03611012
  0.03   0.02132298
  0.01   0.00588343
