 -1.00  -0.98973945
 -0.97  -0.95346633
 -0.93  -0.89185574
 -0.85  -0.80654417
 -0.76  -0.69979868
 -0.64  -0.57445602
 -0.51  -0.43384717
 -0.36  -0.28170881
 -0.20  -0.12208403
 -0.04   0.04078515
  0.12   0.20257045
  0.28   0.35897244
  0.43   0.50583472
  0.57   0.63925442
  0.70   0.75568590
  0.81   0.85203502
  0.89   0.92574133
  0.95   0.97484633
  0.99   0.99804993
  0.01   0.01161344
  0.02   0.02457974
  0.03   0.03689408
  0.04   0.04822806
  0.05   0.05828040
  0.06   0.06678394
  0.07   0.07351269
  0.08   0.07828784
  0.08   0.08098249
  0.08   0.08152503
  0.08   0.07990103
  0.08   0.07615366
  0.07   0.07038251
  0.07   0.06274093
  0.06   0.05343202
  0.05   0.04270316
  0.04   0.03083950
  0.02   0.01815658
  0.01   0.00500288
