 -1.00  -0.98468591
 -0.96  -0.93075700
 -0.89  -0.83992032
 -0.78  -0.71577678
 -0.64  -0.56324916
 -0.48  -0.38838590
 -0.29  -0.19812120
 -0.10   0.00000000
  0.10   0.19812120
  0.29   0.38838590
  0.48   0.56324916
  0.64   0.71577678
  0.78   0.83992032
  0.89   0.93075700
  0.96   0.98468591
  1.00   0.00747083
  0.02   0.02700902
  0.04   0.04549371
  0.05   0.06217479
  0.07   0.07639039
  0.08   0.08757674
  0.09   0.09529024
  0.10   0.09922501
  0.10   0.09922501
  0.10   0.09529024
  0.09   0.08757674
  0.08   0.07639039
  0.07   0.06217479
  0.05   0.04549371
  0.04   0.02700902
  0.02   0.00747083
