 -1.00  -0.98858648
 -0.97  -0.94827298
 -0.92  -0.87992980
 -0.84  -0.78557623
 -0.73  -0.66800124
 -0.60  -0.53068029
 -0.46  -0.37767255
 -0.30  -0.21350089
 -0.13  -0.04301820
  0.04   0.12873610
  0.21   0.29668500
  0.38   0.45586394
  0.53   0.60156766
  0.67   0.72948917
  0.79   0.83584717
  0.88   0.91749777
  0.95   0.97202769
  0.99   0.99783046
  0.01   0.01291595
  0.02   0.02729862
  0.03   0.04087575
  0.05   0.05324471
  0.06   0.06403980
  0.07   0.07294189
  0.08   0.07968783
  0.08   0.08407822
  0.09   0.08598328
  0.09   0.08534669
  0.08   0.08218727
  0.08   0.07659841
  0.07   0.06874532
  0.06   0.05886014
  0.05   0.04723508
  0.04   0.03421381
  0.03   0.02018152
  0.01   0.00556572
